1. getsections_dl RTLD_LAZY stats (in usec)
462
398
459
461
1085
647
426
486
383
406
414
401
410
411
385
389
399
586
400
387
466
397
414
370
405
396
398
431
446
363
368
466
380
369
370
358
377
373
362
356
364
502
546
351
436
379
371
390
380
380
--------
average = 427
--------

2. getsections_dl RTLD_NOW stats (in usec)
464
451
457
465
460
430
467
444
572
435
451
456
441
554
448
455
438
472
427
534
459
499
454
438
461
540
445
442
441
446
441
443
462
428
531
456
459
438
453
455
487
420
435
447
450
444
468
447
446
516
--------
average = 461
--------

3. getsyms_dl RTLD_LAZY stats (in usec)
372
365
384
375
379
375
403
439
501
400
387
356
361
371
371
384
386
370
373
389
394
393
378
383
384
375
381
388
376
376
457
512
416
398
403
377
366
485
416
461
425
418
407
702
463
381
398
419
464
517
--------
average = 409
--------

4. getsyms_dl RTLD_NOW stats (in usec)
452
455
539
463
449
477
520
463
442
458
447
449
474
449
462
576
536
572
447
470
442
453
458
454
455
453
521
433
434
419
494
543
476
453
551
645
529
457
450
489
481
459
470
478
514
457
468
499
507
457
--------
average = 479
--------

